Data rows: 2462
Last 15 rows: date | DC(fast,col106) | DD(slow,col107)
  pandas4640(Excel4641): 2026-01-28 | DC=0.660853454472938 | DD=0.7821214040948027
  pandas4641(Excel4642): 2026-01-29 | DC=0.6453502736245875 | DD=0.7796940552168437
  pandas4642(Excel4643): 2026-01-30 | DC=0.5949640033847015 | DD=0.7691682032699684
  pandas4643(Excel4644): 2026-02-02 | DC=0.4638539841220959 | DD=0.7320061874239561
  pandas4644(Excel4645): 2026-02-03 | DC=0.5492861110127787 | DD=0.7627363520943903
  pandas4645(Excel4646): 2026-02-04 | DC=0.5609356884109375 | DD=0.7634946975548373
  pandas4646(Excel4647): 2026-02-05 | DC=0.48866159014090543 | DD=0.7444022799594845
  pandas4647(Excel4648): 2026-02-06 | DC=0.482680865704133 | DD=0.7350086592235994
  pandas4648(Excel4649): 2026-02-09 | DC=0.5366909269074176 | DD=0.7545974745364569
  pandas4649(Excel4650): 2026-02-10 | DC=0.5153574928799243 | DD=0.7513990037671021
  pandas4650(Excel4651): 2026-02-11 | DC=0.4919349269806283 | DD=0.7484511666164547
  pandas4651(Excel4652): 2026-02-12 | DC=nan | DD=0.7455857038954203
  pandas4652(Excel4653): 2026-02-13 | DC=nan | DD=0.7250951116530309
  pandas4653(Excel4654): 2026-02-24 | DC=nan | DD=0.7422405107195971
  pandas4654(Excel4655): 2026-02-25 | DC=nan | DD=0.7520461279028199

DC(fast) non-null count: 2458 / 2462
DD(slow) non-null count: 2462 / 2462